51130
52763
51248
68884
49970
27525
21505
76918
75519
58093
77182
27502
35276
52292
44476
38032
68456
36170
28743
32209
21400
67863
57226
22913
31243
55241
66030
67458
57387
38246
56730
50756
72430
51085
48217
57727
75212
48093
70713
21164
42379
28065
39823
52737
73975
20534
42807
56935
50157
28443
47193
44440
25558
24756
57160
64410
25713
64059
68261
26003
45897
22819
67552
26601
69094
50794
52798
49719
43775
49499
42390
67501
21453
30429
27573
33733
20986
62460
30625
32093
78200
72594
21403
57142
57807
72593
34109
56744
20398
34479
23747
77696
69923
73295
46759
64823
28229
43976
65476
53328
29870
61140
37532
70029
74983
61911
22709
43246
25275
52522
22846
28104
47597
44451
34031
52670
28806
57795
70606
55679
50246
71228
54958
55323
42652
42332
62322
57923
56433
69402
62352
78172
26238
67932
26672
79168
50525
33442
76627
56433
21373
55027
56721
32923
69904
44803
46778
37093
36447
55741
21630
38035
25021
60755
65481
70299
52600
21151
22342
29441
22284
74996
32740
30610
58065
28070
79030
25529
59029
66291
46324
74434
68741
51308
27006
51881
30212
56996
40929
45342
54046
53589
28210
42999
26774
23785
24536
61745
38492
40331
23398
72293
35866
27978
61766
69379
46189
39943
59793
63374
36209
56668
20378
47188
41269
22377
30122
65991
24654
46780
50150
33693
20488
21948
42894
22305
74359
23731
37183
70323
61675
24181
71511
67843
52673
21553
43416
59493
45174
75987
26405
66417
20118
63347
36266
33659
61587
68510
66553
45290
42386
71486
56431
34230
25088
62921
45141
49891
25730
72675
64193
60245
35881
69425
52253
78095
43459
38459
54815
37131
21358
36509
76760
57816
41064
58347
29065
32107
20099
66206
61294
46340
60788
44031
76510
20159
38186
37806
37643
25842
71067
40399
60452
24137
76410
42866
69819
65788
66725
74590
57440
71018
38619
37882
34507
78037
65963
31575
33241
63993
35047
60189
57134
26666
35960
75569
65913
78633
61866
60352
72565
59938
30984
53674
79243
30694
53955
41613
51605
56800
65387
25005
30494
67509
78688
51518
62629
66781
45986
60302
41248
53593
64741
49137
55036
79696
73857
70953
60771
65386
79109
27794
46007
42056
40011
20488
58842
38813
45959
50518
78224
28557
73241
60956
72860
79329
32706
77212
56007
33732
23923
72577
51680
70302
29856
21164
52765
61226
56596
68380
40895
26741
26718
41081
76852
21366
71529
40894
22165
63588
61802
32992
67952
69945
34802
41887
20992
38145
56515
50921
49432
37950
26848
41029
65055
22876
38717
64546
27092
70860
36693
70077
43347
38143
33978
53833
73968
61441
53510
64542
78720
72431
56337
22688
41208
67094
62108
25867
53613
39850
66249
57848
39193
36095
32974
77775
76447
36488
39134
35753
79654
24969
24711
33408
42786
48059
72379
39541
45904
75100
62054
49438
43391
63985
20894
59498
48652
66201
37721
20402
72230
53678
30360
76318
49297
70107
72864
70641
37638
67125
42281
24467
73559
44759
66608
69497
38543
22174
54599
45746
44344
71517
76557
25616
62806
35294
35480
30065
57425
29526
63757
77098
68465
42148
36530
52367
34786
69254
66716
22401
35990
77047
51234
21204
64713
35721
49074
71324
74016
56603
24673
62676
42891
24823
49150
28970
76778
69995
78304
61674
31819
79233
66174
44934
32721
64957
38685
21471
55088
49875
50468
54834
44725
62051
30731
38530
45667
34898
36338
29342
64664
63974
79182
37230
27726
69565
66590
43775
69213
38411
71100
77001
74109
70894
63310
27386
69674
64527
78748
53825
62848
67480
50813
21336
44518
52492
74314
51087
20391
56967
45908
41969
43611
70548
32337
77653
23588
39557
44657
79012
68564
45842
40015
45889
56044
65649
60514
56282
56863
31854
50516
32170
75350
68551
50794
57064
30956
33543
49026
65583
42777
51645
66715
26443
30572
42424
21262
34493
55282
57089
65946
53259
25043
56533
35805
68935
41435
35678
52798
58682
62806
66829
74503
47629
32373
72821
51473
41268
56973
46375
50199
55128
65822
56262
34317
39007
45553
22790
29641
74137
55451
32838
26399
38922
50078
63943
58794
65391
55759
46568
53446
74959
64690
66048
54907
60927
71233
27959
60788
22578
39372
43040
46510
25276
41818
25207
23084
31809
22221
22035
53319
55806
20580
70729
41698
73267
25370
62109
32187
29100
34155
47461
36190
59083
69111
48732
49428
27028
35423
31071
63768
71061
69389
36999
66186
64431
66192
59940
60861
50085
29828
20531
78987
55712
55024
23484
66056
68668
23113
56138
43795
41587
63732
74567
61449
29988
34281
72020
37556
77856
67859
77218
78049
47825
69107
69104
71471
20550
73861
41281
49795
67935
76442
44409
48345
65618
61508
62196
68980
31544
32304
55555
72471
47768
27790
65988
50732
41613
51628
29788
47137
73974
21248
52980
63699
66682
68388
52749
59778
38549
77596
78754
33156
53316
37203
30361
55349
23977
61539
25637
71724
55099
76212
59483
42953
39630
66364
42606
43339
36730
79684
62601
39390
79755
73067
55017
30929
62660
58467
41909
67685
67536
29849
76666
50210
51751
29299
30599
72580
54169
71218
20066
45362
24282
46743
71974
36367
73482
25730
25946
46505
50271
63029
78606
41391
41970
23191
72052
74816
68803
20660
56441
21503
67114
28226
22655
71682
68315
70206
34264
30697
60853
52501
65953
28555
40071
22815
60121
39948
47871
42597
29148
26220
40209
77859
70848
53241
52000
50601
53611
42500
56172
48091
53935
61745
74328
55480
36739
44904
28342
64408
36160
72552
51538
65391
22485
23291
75992
67374
38663
65253
22371
59016
23144
58646
46050
20850
45650
79167
27817
30980
38529
72929
45906
44284
58826
57697
71437
52226
66364
72503
29099
46085
32882
49318
67203
42756
33585
37606
30304
75722
75492
21949
31623
77392
56082
33164
36648
77478
40121
55077
43104
62445
70217
54362
66121
38555
54399
26833
58111
76865
23836
67957
70191
26762
75330
51398
58142
55129
53483
75343
55827
51541
38245
58200
58370
53505
40526
56018
45750
29860
41544
43696
25338
68519
64408
70901
64645
45436
79361
44328
60672
30940
76920
75492
58708
55145
41444
74060
77909
74610
37429
20187
47333
72469
76382
20282
54438
71518
28495
70987
60384
49582
28723
49794
51947
54775
72835
65012
39290
62659
40005
26471
31300
33589
32901
37929
58256
23815
45197
23260
49788
74162
26564
43086
79274
36076
53409
24328
46248
27820
45227
46204
62522
55465
22511
79361
53542
22592
22908
