97000
150000
101000
105000
53000
91000
83000
117000
135000
107000
83000
79000
107000
121000
87000
40000
49000
129000
87000
15000
81000
105000
67000
97000
712500
125000
85000
111000
63000
51000
91000
27500
47000
55000
75000
65000
95000
123000
525000
109000
127000
79000
87000
109000
119000
111000
71000
111000
45000
91000
77000
113000
83000
71000
59000
337500
53000
101000
89000
117000
111000
49000
150000
97000
525000
77000
123000
47000
27500
103000
125000
63000
49000
71000
101000
109000
125000
121000
150000
105000
125000
105000
103000
87000
123000
67000
111000
111000
49000
113000
113000
89000
525000
101000
525000
91000
150000
40000
93000
117000
81000
65000
99000
117000
89000
59000
65000
127000
59000
40000
103000
125000
107000
49000
55000
61000
150000
107000
121000
900000
109000
89000
105000
73000
127000
123000
109000
525000
105000
55000
75000
97000
101000
15000
150000
65000
91000
27500
113000
63000
81000
81000
99000
900000
51000
83000
111000
127000
121000
93000
712500
117000
117000
712500
525000
81000
53000
83000
113000
101000
150000
67000
40000
525000
101000
75000
83000
127000
40000
15000
89000
75000
73000
150000
47000
93000
27500
47000
93000
103000
337500
87000
81000
77000
712500
121000
73000
45000
103000
87000
73000
53000
111000
115000
40000
91000
49000
71000
107000
101000
712500
107000
111000
87000
337500
89000
99000
85000
59000
79000
93000
61000
89000
87000
65000
900000
337500
85000
712500
67000
27500
115000
337500
15000
65000
93000
97000
65000
127000
119000
27500
121000
125000
27500
79000
900000
85000
101000
67000
900000
712500
71000
101000
337500
123000
117000
61000
49000
45000
61000
107000
109000
47000
150000
55000
87000
113000
107000
107000
135000
71000
45000
900000
53000
45000
337500
900000
900000
123000
135000
712500
712500
109000
125000
49000
113000
83000
47000
113000
111000
105000
55000
89000
89000
47000
127000
77000
119000
95000
67000
107000
45000
71000
107000
91000
105000
71000
93000
63000
99000
73000
117000
67000
40000
123000
337500
93000
95000
83000
40000
83000
89000
59000
81000
85000
59000
119000
83000
27500
81000
129000
53000
125000
121000
85000
55000
125000
525000
65000
87000
129000
150000
113000
525000
47000
150000
97000
113000
89000
61000
127000
117000
103000
65000
67000
107000
115000
53000
27500
150000
115000
111000
111000
111000
109000
101000
51000
93000
45000
83000
63000
121000
119000
105000
81000
79000
75000
87000
77000
117000
63000
712500
40000
121000
79000
47000
123000
101000
61000
53000
101000
111000
105000
105000
65000
103000
51000
81000
15000
95000
107000
55000
53000
135000
103000
15000
15000
81000
129000
63000
91000
105000
65000
65000
85000
129000
119000
55000
81000
75000
89000
127000
97000
135000
65000
105000
123000
81000
150000
525000
65000
105000
83000
67000
75000
93000
712500
150000
40000
61000
67000
73000
123000
97000
65000
125000
49000
101000
79000
63000
712500
49000
63000
47000
53000
53000
71000
91000
99000
83000
101000
525000
51000
337500
67000
77000
150000
75000
27500
123000
113000
113000
83000
81000
75000
77000
111000
95000
53000
129000
129000
337500
75000
117000
40000
47000
115000
107000
125000
125000
83000
53000
83000
59000
45000
89000
129000
73000
101000
111000
89000
150000
40000
900000
105000
15000
117000
117000
85000
101000
712500
150000
53000
712500
55000
129000
99000
119000
712500
73000
27500
91000
85000
77000
105000
115000
97000
111000
40000
119000
47000
105000
59000
77000
129000
73000
129000
99000
65000
111000
71000
55000
65000
150000
119000
129000
111000
123000
71000
61000
900000
77000
900000
129000
55000
129000
45000
109000
109000
40000
55000
53000
85000
89000
15000
135000
49000
51000
67000
77000
900000
113000
109000
115000
77000
53000
900000
123000
75000
85000
105000
127000
101000
77000
97000
712500
87000
40000
121000
45000
59000
73000
525000
150000
129000
53000
53000
40000
105000
121000
79000
119000
91000
93000
150000
117000
95000
83000
45000
85000
47000
337500
337500
79000
71000
61000
123000
127000
99000
95000
49000
71000
712500
123000
63000
525000
712500
107000
85000
127000
47000
73000
71000
15000
85000
101000
79000
99000
15000
71000
49000
49000
55000
49000
337500
97000
117000
49000
63000
87000
77000
27500
127000
51000
109000
83000
89000
525000
119000
712500