49000
119000
123000
53000
81000
81000
63000
107000
111000
73000
51000
63000
40000
73000
73000
115000
95000
712500
65000
115000
40000
99000
51000
77000
135000
79000
83000
47000
81000
712500
107000
119000
135000
111000
71000
117000
107000
81000
67000
59000
93000
113000
127000
150000
67000
55000
15000
115000
109000
712500
900000
105000
99000
119000
91000
59000
93000
67000
55000
51000
55000
61000
109000
101000
67000
49000
93000
93000
103000
87000
27500
125000
45000
75000
99000
121000
71000
111000
119000
103000
121000
91000
81000
87000
109000
77000
95000
129000
71000
123000
27500
123000
103000
15000
107000
125000
119000
119000
85000
97000
27500
40000
77000
83000
93000
79000
109000
121000
77000
123000
103000
129000
113000
101000
337500
127000
900000
107000
712500
81000
119000
51000
900000
113000
712500
55000
87000
55000
40000
83000
63000
83000
67000
127000
15000
79000
119000
83000
67000
87000
97000
85000
85000
135000
93000
47000
105000
127000
107000
77000
127000
525000
107000
55000
99000
93000
73000
121000
95000
117000
123000
111000
103000
51000
85000
107000
55000
712500
49000
87000
89000
127000
121000
712500
150000
63000
117000
123000
53000
97000
135000
75000
67000
75000
125000
123000
101000
115000
113000
123000
105000
83000
85000
99000
712500
337500
105000
99000
40000
27500
900000
73000
49000
85000
71000
123000
53000
337500
91000
63000
95000
45000
93000
87000
129000
337500
61000
53000
105000
119000
40000
119000
103000
337500
27500
103000
49000
712500
900000
109000
525000
117000
51000
121000
123000
135000
53000
97000
59000
27500
121000
47000
55000
59000
113000
125000
49000
85000
63000
129000
150000
107000
77000
75000
99000
127000
123000
79000
712500
75000
107000
525000
49000
77000
40000
45000
121000
93000
123000
127000
95000
79000
101000
115000
93000
115000
45000
45000
51000
51000
47000
115000
55000
79000
97000
55000
63000
150000
109000
27500
121000
47000
75000
45000
40000
65000
103000
47000
59000
81000
47000
107000
900000
123000
127000
99000
85000
59000
61000
337500
61000
115000
525000
113000
101000
99000
65000
40000
121000
93000
115000
125000
27500
123000
109000
15000
71000
105000
27500
95000
119000
900000
127000
105000
119000
75000
83000
712500
83000
113000
27500
111000
73000
525000
79000
119000
150000
93000
79000
83000
53000
712500
93000
63000
87000
40000
105000
111000
65000
97000
67000
55000
125000
61000
129000
45000
113000
49000
85000
525000
337500
49000
900000
95000
77000
73000
95000
150000
63000
59000
119000
107000
77000
79000
525000
135000
150000
45000
337500
712500
111000
99000
49000
129000
45000
103000
79000
115000
73000
91000
75000
59000
73000
125000
99000
105000
53000
119000
15000
103000
53000
71000
49000
71000
47000
55000
101000
49000
125000
53000
95000
900000
49000
113000
73000
63000
91000
81000
27500
85000
119000
129000
75000
107000
107000
67000
85000
77000
117000
117000
101000
79000
75000
63000
79000
71000
55000
525000
63000
51000
105000
127000
27500
53000
712500
89000
65000
117000
712500
73000
55000
127000
119000
93000
45000
129000
40000
900000
67000
101000
109000
125000
900000
127000
85000
91000
93000
65000
117000
150000
89000
59000
129000
111000
97000
71000
117000
87000
83000
65000
61000
15000
77000
27500
900000
99000
123000
51000
117000
99000
95000
75000
61000
115000
40000
119000
127000
115000
55000
113000
900000
65000
337500
150000
105000
79000
125000
712500
525000
83000
105000
51000
123000
109000
87000
51000
51000
15000
73000
89000
27500
61000
77000
107000
27500
40000
65000
40000
150000
83000
113000
47000
900000
119000
89000
59000
65000
115000
712500
65000
40000
65000
65000
49000
101000
75000
51000
59000
337500
103000
125000
150000
115000
55000
65000
71000
127000
129000
105000
525000
97000
129000
337500
105000
15000
115000
89000
89000
67000
61000
53000
15000
63000
337500
95000
67000
91000
83000
77000
95000
81000
79000
900000
87000
65000
51000
71000
81000
337500
337500