93000
103000
83000
83000
99000
95000
53000
101000
117000
121000
109000
77000
101000
55000
49000
59000
49000
101000
15000
47000
95000
73000
525000
337500
65000
75000
117000
85000
337500
101000
59000
121000
47000
129000
63000
55000
85000
51000
27500
99000
91000
81000
63000
105000
125000
89000
73000
123000
525000
83000
107000
129000
125000
89000
73000
95000
109000
103000
27500
77000
45000
99000
55000
89000
113000
107000
63000
83000
109000
129000
121000
85000
83000
95000
79000
67000
101000
89000
61000
27500
71000
115000
75000
103000
115000
61000
67000
63000
127000
107000
101000
135000
101000
87000
99000
712500
135000
91000
101000
75000
127000
107000
125000
117000
47000
27500
117000
87000
95000
101000
129000
525000
53000
27500
91000
97000
73000
91000
107000
117000
115000
67000
67000
900000
119000
87000
113000
65000
129000
49000
83000
95000
113000
123000
107000
525000
337500
105000
83000
103000
59000
119000
125000
123000
129000
125000
525000
83000
150000
119000
45000
51000
77000
40000
15000
107000
119000
900000
113000
119000
67000
111000
525000
127000
121000
712500
135000
109000
65000
91000
129000
117000
900000
40000
67000
89000
525000
65000
107000
127000
15000
15000
99000
150000
107000
111000
49000
127000
99000
71000
87000
95000
71000
81000
129000
93000
40000
337500
93000
67000
135000
123000
125000
40000
127000
95000
113000
85000
75000
109000
73000
27500
900000
115000
105000
75000
135000
111000
81000
109000
47000
105000
125000
115000
125000
337500
117000
27500
119000
900000
135000
27500
45000
105000
87000
83000
83000
59000
97000
47000
59000
95000
117000
67000
525000
97000
27500
109000
83000
87000
65000
105000
525000
109000
83000
103000
87000
105000
712500
95000
95000
123000
115000
105000
51000
109000
129000
97000
900000
45000
105000
97000
129000
59000
525000
89000
77000
71000
65000
77000
125000
117000
87000
79000
15000
71000
79000
27500
15000
87000
99000
49000
111000
47000
337500
79000
337500
45000
117000
59000
47000
337500
89000
79000
61000
79000
63000
150000
91000
91000
127000
117000
77000
67000
337500
103000
15000
95000
61000
40000
121000
525000
93000
91000
93000
101000
99000
89000
83000
115000
83000
121000
101000
55000
93000
89000
75000
105000
75000
75000
63000
121000
27500
103000
47000
117000
150000
67000
123000
91000
111000
63000
105000
59000
150000
63000
150000
525000
51000
81000
89000
63000
47000
81000
51000
81000
135000
121000
900000
150000
61000
900000
71000
15000
125000
91000
135000
81000
113000
113000
337500
101000
85000
79000
61000
101000
115000
97000
59000
87000
337500
101000
73000
115000
71000
97000
121000
95000
87000
55000