83000
95000
91000
81000
27500
49000
103000
95000
47000
71000
55000
40000
111000
125000
99000
712500
87000
123000
107000
81000
51000
59000
150000
113000
55000
91000
135000
83000
59000
525000
40000
95000
129000
27500
89000
337500
129000
129000
712500
55000
81000
47000
77000
75000
83000
51000
61000
89000
127000
87000
77000
40000
89000
89000
129000
47000
127000
119000
150000
129000
40000
97000
61000
45000
73000
45000
97000
712500
15000
129000
115000
109000
111000
67000
49000
83000
65000
125000
85000
73000
113000
93000
95000
117000
81000
99000
89000
65000
101000
79000
900000
99000
115000
150000
83000
40000
89000
123000
109000
71000
105000
117000
89000
109000
55000
77000
83000
109000
129000
111000
55000
93000
63000
115000
53000
111000
61000
63000
65000
87000
121000
75000
129000
121000
65000
119000
55000
40000
117000
103000
47000
79000
95000
117000
71000
123000
75000
71000
150000
85000
45000
47000
525000
47000
121000
65000
81000
67000
55000
53000
51000
127000
125000
87000
109000
900000
45000
525000
113000
61000
45000
75000
117000
113000
45000
93000
712500
45000
115000
99000
119000
105000
40000
87000
89000
59000
125000
113000
125000
99000
67000
87000
105000
71000
99000
107000
27500
103000
111000
111000
81000
111000
121000
150000
125000
115000
67000
65000
113000
119000
712500
73000
83000
63000
103000
51000
900000
105000
123000
119000
47000
83000
525000
81000
85000
109000
712500
97000
45000
101000
40000
103000
89000
135000
93000
75000
95000
89000
81000
15000
525000
93000
125000
900000
103000
83000
89000
77000
77000
71000
45000
103000
49000
45000
75000
115000
93000
121000
65000
65000
95000
127000
93000
99000
93000
119000
49000
121000
105000
105000
71000
65000
525000
93000
150000
59000
87000
67000
91000
55000
49000
113000
125000
79000
97000
83000
83000
900000
65000
65000
135000
95000
97000
127000
95000
85000
109000
95000
65000
51000
99000
111000
73000
121000
87000
73000
105000
85000
101000
127000
85000
27500
81000
115000
91000
103000
900000
123000
103000
73000
45000
65000
127000
123000
89000
85000
63000
105000
119000
85000
53000
99000
115000
105000
150000
105000
150000
150000
123000
77000
900000
71000
150000
51000
65000
95000
115000
99000
121000
95000
135000
49000
40000
129000
85000
712500
85000
27500
712500
59000
121000
61000
91000
61000
81000
712500
117000
129000
109000
40000
121000
101000
525000
125000
59000
40000
99000
40000
59000
99000
525000
49000
337500
73000
45000
85000
150000
127000
135000
111000
79000
105000
117000
113000
113000
75000
91000
117000
95000
99000
111000
121000
115000
79000
109000
47000
135000
47000
89000
81000
95000
89000
525000
117000
93000
119000
85000
121000
81000
87000
85000
135000
135000
129000
67000
27500
59000
40000
83000
71000
75000
125000
53000
47000
79000
83000
83000
53000
99000
127000
109000
83000
89000
77000
123000
712500
89000
121000
61000
337500
27500
712500
117000
87000
712500
712500
150000
121000
67000
93000
107000
121000
115000
109000
900000
101000
79000
101000
91000
15000
97000
67000
59000
53000
67000
55000
63000
81000
117000
61000
40000
111000
101000
113000
67000
900000
65000
55000
87000
107000
121000
65000
65000
101000
119000
59000
99000
51000
81000
119000
15000
125000
59000
77000
83000
79000
95000
53000
77000
79000
93000
87000
67000
95000
67000
117000
85000
525000
111000
79000
91000
73000
47000
95000
65000
91000
65000
49000
91000
103000
113000
109000
40000
99000
101000
121000
109000
119000
111000
67000
900000
85000
119000
105000
27500
75000
115000
65000
55000
101000
125000
121000
119000
63000
65000
115000
45000
113000
65000
900000
77000
79000
123000
53000
125000
55000
111000
55000
107000
65000
125000
65000
61000
40000
125000
63000
51000
89000
83000
117000
27500
129000
113000
61000
150000
71000
93000
65000
525000
117000
95000
105000
59000
97000
111000
93000
150000
15000
59000
79000
89000
525000
83000
91000
83000
49000
87000
27500
15000
111000
79000
83000
53000
27500
113000
97000
61000
119000
87000
91000
45000
103000
59000
65000
111000
55000
103000
117000
109000
99000
121000
59000
113000
111000
111000
900000
337500
117000
119000
71000
123000
525000
111000
127000
77000
27500
77000
127000
53000
89000
75000
45000
99000
127000
87000
45000
101000
101000
49000
99000
127000
49000
77000
135000
150000
47000
525000
63000
71000
135000
47000
65000
71000
65000
77000
117000
712500
101000
75000
125000
103000
121000
127000
101000
40000
49000
117000
129000
55000
47000
63000
95000
87000
121000
95000
65000
77000
109000
49000
127000
121000
40000
77000
61000
337500
61000
63000
125000
117000
67000
107000
61000
53000
150000
101000
337500
75000
93000
77000
87000
111000
105000
105000
73000
117000
53000
105000
135000
61000
67000
51000
49000
81000
95000
129000
65000
81000
53000
109000
150000
119000
63000
109000
337500
15000
129000
95000
101000
125000
63000
105000
95000
15000
125000
77000
65000
93000
150000
77000
135000
49000
49000
45000
119000
712500
79000
91000
150000
77000
67000
67000
119000
83000
40000
87000
81000
113000
93000
81000
135000
51000
81000
712500
337500
59000
115000
119000
900000
117000
115000
93000
49000
81000
79000
93000
45000
51000
79000
73000
712500
87000
125000
95000
129000
81000
53000
87000
103000
135000
73000
111000
99000
91000
111000
53000
125000
900000
27500
55000
79000
95000
900000
71000
85000
115000
71000
101000
27500
75000
135000
81000
115000
75000
712500
125000
109000
79000
95000
101000
150000
49000
55000
107000
81000
89000
900000
99000
113000
91000
71000
47000
61000
65000
73000
85000
107000
65000
83000
79000
75000
115000
123000
81000
49000
79000
900000
67000
103000
85000
900000
115000
55000
53000
85000
49000
119000
93000
127000
109000
900000
51000
119000
89000
117000
85000
109000
71000
49000
337500
87000
337500
109000
121000
59000
101000
83000
75000
27500
150000
47000
900000
71000
111000
73000
15000
79000
99000
71000
127000
119000
55000
525000
97000
525000
91000
125000
59000
103000
51000
93000
113000
67000
115000
73000
129000
63000
89000
150000
103000
129000
135000
40000
89000
63000
127000
105000
107000
99000
65000
95000
103000
89000
55000
93000
45000
85000
119000
47000
55000
129000
40000
103000
49000
119000
55000
51000
83000
15000
93000
712500
87000
105000
85000
63000
71000
49000
79000
115000
121000
97000
127000
129000
109000
49000
105000
45000
95000
712500
900000
65000
45000
119000
113000
900000
127000
135000
77000
97000
77000
103000
900000
113000
135000
59000
127000
135000
47000
15000
81000
59000
101000
81000
97000
900000
65000
75000
123000
337500
97000
73000