107000
40000
61000
40000
40000
81000
109000
105000
125000
121000
117000
117000
99000
61000
89000
900000
63000
51000
53000
45000
113000
107000
61000
45000
109000
81000
51000
712500
111000
67000
111000
105000
127000
85000
105000
117000
111000
712500
71000
525000
712500
99000
95000
107000
85000
45000
65000
45000
27500
87000
97000
40000
87000
95000
900000
87000
73000
63000
129000
59000
89000
337500
135000
337500
127000
77000
53000
15000
103000
125000
51000
59000
109000
95000
47000
81000
67000
73000
900000
51000
59000
89000
89000
127000
63000
109000
125000
79000
83000
103000
109000
73000
93000
101000
125000
111000
93000
55000
105000
73000
47000
75000
103000
91000
53000
900000
67000
65000
47000
27500
97000
115000
117000
55000
135000
337500
47000
27500
91000
83000
55000
15000
99000
150000
95000
67000
63000
15000
95000
117000
712500
63000
712500
49000
40000
53000
59000
113000
65000
51000
337500
75000
125000
45000
900000
45000
900000
125000
75000
109000
65000
79000
125000
712500
105000
49000
121000
97000
712500
103000
115000
900000
75000
55000
129000
77000
49000
81000
67000
87000
65000
101000
91000
40000
81000
113000
73000
712500
85000
115000
85000
135000
712500
135000
75000
111000
15000
123000
101000
712500
113000
45000
63000
150000
67000
40000
119000
135000
81000
49000
45000
525000
525000
47000
47000
103000
63000
40000
51000
91000
55000
117000
337500
95000
63000
129000
61000
117000
27500
85000
107000
45000
81000
15000
59000
71000
111000
79000
105000
89000
525000
67000
121000
121000
75000
105000
129000
123000
47000
525000
65000
127000
55000
135000
109000
89000
125000
113000
119000
125000
87000
73000
95000
75000
117000
109000
27500
75000
115000
93000
95000
107000
73000
49000
99000
81000
123000
15000
99000
93000
51000
105000
127000
73000
75000
109000
75000
75000
129000
89000
117000
107000
111000
75000
55000
73000
51000
900000
61000
81000
51000
117000
135000
71000
105000
45000
79000
81000
113000
105000