99000
75000
93000
109000
51000
109000
525000
75000
87000
105000
87000
101000
900000
65000
111000
337500
83000
150000
337500
81000
115000
79000
45000
27500
97000
85000
125000
127000
135000
85000
53000
95000
93000
123000
107000
97000
97000
101000
61000
123000
115000
119000
103000
115000
79000
97000
129000
67000
95000
129000
525000
97000
117000
63000
61000
105000
71000
103000
150000
91000
53000
47000
111000
115000
105000
81000
59000
111000
125000
105000
119000
105000
47000
55000
127000
900000
85000
129000
71000
61000
81000
115000
525000
45000
91000
127000
91000
45000
525000
103000
150000
95000
67000
61000
105000
525000
113000
113000
49000
61000
67000
67000
79000
63000
111000
49000
113000
123000
91000
55000
95000
127000
111000
47000
113000
900000
47000
85000
77000
45000
85000
135000
150000
93000
63000
123000
93000
103000
47000
121000
712500
81000
89000
129000
113000
150000
123000
63000
55000
55000
103000
525000
40000
712500
67000
115000
115000
59000
107000
75000
59000
63000
27500
73000
123000
109000
107000
63000
119000
125000
119000
49000
119000
45000
337500
107000
87000
121000
127000
101000
525000
103000
129000
109000
27500
119000
121000
91000
113000
49000
127000
101000
27500
83000
83000
117000
99000
900000
40000
150000
71000
123000
89000
61000
95000
135000
95000
81000
15000
83000
67000
55000
109000
103000
337500
89000
129000
121000
55000
49000
121000
99000
101000
77000
93000
63000
105000
95000
95000
53000
525000
67000
89000
87000
51000
97000
97000
135000
49000
91000
712500
59000
121000
65000
49000
27500
525000
47000
525000
77000
40000
111000
125000
107000
59000
65000
117000
79000
89000
40000
525000
93000
47000
900000
47000
337500
103000
109000
111000
79000
77000
61000
135000
61000
89000
71000
75000
107000
75000
135000
81000
135000
127000
712500
117000
101000
27500
150000
61000
91000
15000
27500
121000
49000
150000
77000
107000
59000
79000
107000
65000
15000
53000
79000
99000
65000
109000
63000
79000
111000
525000
55000
117000
101000
111000
79000
89000
525000
55000
45000
125000
87000
71000
40000
75000
91000
95000
73000
99000
93000
15000
53000
127000
47000
105000
77000
127000
65000
55000
55000
95000
900000
150000
712500
123000
77000
89000
49000
49000
105000
115000
101000
135000
900000
47000
712500
47000
101000
77000
101000