103000
113000
47000
77000
900000
40000
95000
81000
71000
53000
900000
73000
61000
87000
105000
121000
87000
91000
119000
79000
119000
27500
712500
115000
113000
135000
150000
109000
107000
97000
67000
150000
129000
99000
47000
525000
117000
85000
900000
61000
55000
27500
125000
129000
81000
47000
40000
123000
135000
85000
53000
135000
97000
109000
59000
900000
115000
95000
109000
55000
79000
59000
525000
129000
113000
121000
129000
93000
125000
95000
111000
150000
525000
91000
93000
51000
91000
525000
51000
115000
59000
129000
87000
127000
115000
91000
40000
135000
127000
77000
79000
47000
135000
40000
40000
81000
71000
103000
101000
61000
125000
97000
115000
49000
129000
27500
71000
127000
111000
89000
97000
91000
67000
79000
71000
107000
337500
27500
135000
712500
117000
123000
337500
65000
47000
105000
15000
45000
150000
59000
89000
111000
75000
103000
63000
81000
67000
79000
91000
119000
53000
53000
111000
113000
119000
135000
123000
101000
337500
83000
55000
105000
129000
45000
73000
99000
71000
109000
27500
121000
109000
81000
113000
79000
51000
65000
63000
109000
75000
47000
103000
89000
129000
89000
129000
65000
73000
47000
89000
121000
125000
81000
83000
85000
65000
95000
109000
109000
123000
59000
51000
91000
87000
61000
65000
109000
83000
73000
119000
87000
113000
77000
79000
101000
117000
55000
712500
45000
53000
127000
113000
111000
105000
91000
15000
127000
115000
117000
712500
117000
111000
129000
107000
101000
73000
123000
93000
81000
115000
127000
15000
105000
49000
53000
81000
87000
55000
127000
45000
150000
135000
115000
113000
79000
127000
119000
73000
337500
337500
51000
712500
99000
81000
53000
95000
127000
65000
91000
107000
103000
95000
150000
93000
95000
135000
121000
67000
53000
81000
87000
53000
117000
15000
79000
109000
121000
111000
73000
51000
91000
99000
75000
109000
45000
91000
77000
15000
101000
93000
109000
83000
111000
107000
61000
40000
337500
117000
73000
107000
337500
127000
49000
27500
40000
150000
101000
87000
81000
40000
127000
119000
61000
83000
61000
150000
83000
51000
81000
40000
40000
93000
105000
125000
67000
115000
97000
113000
75000
115000
61000
49000
125000
67000
49000
109000
95000
113000
51000
103000
61000
115000
101000
105000
117000
79000
59000
900000
40000
67000
67000
71000
99000
123000
59000
83000
135000
115000
712500
55000
103000
15000
525000
83000
105000
95000
121000
113000
107000
117000
93000
55000
75000
150000
135000
65000
129000
103000
109000
27500
85000
119000
113000
27500
125000
119000
83000
337500
127000
127000
135000
125000
49000
83000
119000
40000
47000
61000
40000
75000
83000
61000
109000
117000
119000
150000
79000
91000
27500
101000
150000
101000
123000
97000
63000
27500
113000
121000
93000
135000
47000
900000
89000
55000
55000
117000
45000
97000
45000
129000
129000
117000
49000
65000
121000
73000
51000
107000
45000
99000
712500
27500
27500
129000
113000
40000
81000
129000
129000
97000
129000
81000
123000
121000
55000
83000
95000
75000
525000
119000
900000
93000
85000
91000
47000
49000
900000
103000
73000
107000
75000
129000
15000
71000
129000
129000
115000
95000
85000
45000
91000
85000
47000
113000
101000
525000
27500
105000
53000
109000
15000
59000
93000
40000
123000
59000
111000
61000
93000
91000
105000
47000
119000
129000
89000
71000
67000
117000
40000
129000
45000
51000
123000
107000
111000
111000
150000
59000
61000
45000
93000
150000
73000
73000
93000
900000
105000
81000
103000
61000
103000
91000
51000
47000
73000
71000
111000
95000
83000
73000
65000
105000
111000
525000
51000
99000
337500
119000
40000
40000
105000
40000
150000
97000
73000
113000
103000
121000
109000
49000
45000
75000
109000
125000
55000
85000
67000
99000
63000
99000
49000
59000
107000
89000
51000
91000
135000
75000
85000
75000
40000
27500
63000
95000
73000
129000
63000
81000
49000
93000
109000
121000
129000
127000
91000
900000
73000
91000
712500
15000
117000
95000
129000
63000
150000
85000
127000
121000
65000
99000
105000
150000
40000
113000
101000
115000
91000
107000
109000
123000
59000
105000
45000
123000
115000
525000
79000
87000
75000
27500
55000
51000
113000
115000
83000
27500
337500
49000
85000
89000
99000
97000
125000
119000
107000
113000
15000
97000
525000
55000
75000
49000
109000
53000
113000
71000
47000
55000
111000
73000
99000
135000
15000
119000
53000
109000
53000
81000
59000
59000
109000
55000
59000
135000
65000
65000
113000
111000
67000
81000
97000
109000
79000
65000
115000
77000
77000
107000
40000
337500
109000
81000
51000
61000
89000
150000
40000
525000
900000
105000
121000
93000
61000
55000
712500
40000
900000
83000
900000
127000
15000
95000
85000
81000
85000
101000
71000
77000
85000
87000
97000
115000
111000
77000
113000
337500
900000
99000
712500
113000
99000
107000
75000
101000
123000
119000
27500
113000
125000
53000
121000
83000
15000
75000
109000
93000
115000
49000
55000
47000
125000
337500
91000
91000
49000
61000
337500
103000
40000
115000
40000
97000
123000
99000
101000
337500
119000
27500
135000
125000
150000
113000
101000
83000
712500
63000
109000
73000
95000
81000
712500
525000
59000
103000
119000
900000
77000
900000
113000
27500
87000
119000
55000
75000
103000
109000
61000
87000
45000
40000
81000
75000
61000
75000
65000
107000
105000
900000
55000
337500
73000
89000
40000
75000
900000
61000
113000
27500
105000
40000
81000
89000
77000
101000
107000
119000
150000
45000
712500
59000
71000
135000
107000
97000
113000
337500
67000
47000
67000
127000
103000
712500
129000
121000
47000
150000
71000
113000
525000
127000
15000
47000
89000
61000
123000
117000
47000
79000
81000
125000
109000
95000
99000
47000
101000
77000
73000
71000
65000
125000
107000
71000
105000
119000
77000
45000
105000
85000
61000
63000
113000
115000
40000
59000
81000
129000
49000
65000
47000
93000
105000
49000
83000
109000
71000
101000
40000
87000
93000
63000
49000
129000
103000
59000
712500
115000
93000
15000
103000
79000
101000
119000
117000
125000
119000
79000
77000
15000
49000
127000
103000
712500
63000
129000
47000
103000
71000
47000
103000
113000
337500
55000
40000
63000
105000
51000
15000
27500
135000
79000
40000
109000
101000
99000
61000
95000
135000
525000
150000
89000
95000