81000
900000
81000
712500
337500
87000
63000
71000
525000
93000
123000
85000
45000
67000
115000
59000
121000
75000
77000
75000
67000
49000
75000
71000
115000
45000
125000
123000
150000
61000
97000
55000
123000
113000
45000
65000
61000
81000
79000
900000
99000
121000
89000
525000
93000
67000
83000
125000
15000
75000
113000
712500
55000
15000
150000
49000
103000
53000
107000
65000
119000
99000
55000
113000
99000
75000
91000
111000
135000
51000
53000
125000
135000
89000
65000
117000
105000
99000
27500
129000
101000
117000
77000
115000
89000
77000
99000
93000
121000
61000
712500
15000
55000
121000
81000
99000
53000
105000
59000
125000
712500
61000
83000
119000
119000
49000
91000
135000
119000
85000
97000
47000
55000
117000
71000
27500
105000
67000
900000
27500
53000
61000
47000
111000
67000
103000
15000
150000
65000
127000
83000
65000
525000
77000
109000
67000
337500
87000
71000
91000
63000
103000
65000
81000
99000
40000
63000
712500
337500
900000
121000
115000
109000
113000
525000
107000
55000
97000
127000
111000
101000
337500
71000
129000
61000
111000
77000
87000
712500
111000
111000
99000
900000
123000
111000
65000
61000
59000
150000
712500
95000
95000
337500
93000
85000
135000
93000
15000
109000
525000
75000
113000
71000
83000
525000
75000
85000
49000
337500
105000
109000
63000
712500
103000
81000
85000
109000
51000
45000
105000
115000
95000
127000
105000
712500
712500
121000
89000
91000
105000
95000
115000
111000
47000
105000
53000
123000
107000
101000
95000
65000
83000
109000
83000
67000
87000
40000
103000
115000
525000
65000
47000
125000
115000
109000
51000
47000
27500
49000
89000
91000
105000
123000
85000
73000
65000
93000
105000
75000
123000
127000
129000
63000
59000
47000
125000
40000
99000
101000
27500
77000
121000
47000
89000
107000
75000
61000
89000
123000
113000
83000
87000
49000
135000
117000
117000
900000
119000
55000
113000
119000
59000
109000
103000
712500
125000
337500
109000
51000
125000
85000
129000
99000
51000
77000
65000
67000
111000
85000
107000
73000
51000
71000
105000
15000
121000
47000
53000
63000
40000
85000
55000
113000
65000
27500
40000
129000
111000
47000
89000
101000
115000
129000
65000
95000
53000
45000
81000
900000
87000
61000
111000
109000
900000
93000
105000
93000
101000
150000
123000
135000
40000
75000
87000
117000
87000
103000
51000
89000
73000
27500
123000
105000
49000
121000
55000
85000
101000
47000
40000
63000
83000
93000
77000
125000
61000
95000
900000
113000
712500
89000
103000
115000
51000
73000
712500
15000
129000
97000
55000
83000
89000
85000
73000
525000
129000
900000
51000
65000
85000
337500
712500
117000
61000
525000
79000
59000
129000
73000
125000
115000
91000
59000
107000
53000
101000
125000
85000
121000
81000
99000
129000
71000
107000
15000
89000
123000
127000
67000
129000
47000
27500
89000
47000
61000
47000
81000
15000
107000
105000
51000
40000
337500
71000
77000
111000
95000
117000
67000
109000
79000
117000
87000
85000
127000
75000
337500
91000
135000
525000
525000
45000
49000
89000
85000
127000
85000
525000
119000
150000
95000
91000
101000
119000
150000
40000
45000
150000
49000
73000
91000
97000
125000
89000
107000
337500
129000
85000
40000
111000
103000
117000
59000
89000
117000
101000
45000
129000
525000
135000
99000
123000
127000
93000
95000
63000
61000
99000
73000
27500
712500
45000
91000
40000
55000
97000
65000
55000
53000
115000
105000
105000
67000
111000
113000
129000
59000
127000
81000
73000
91000
55000
53000
45000
337500
91000
111000
27500
40000
55000
119000
123000
83000
27500
712500
99000
53000
135000
111000
109000
47000
121000
47000
51000
15000
150000
125000
119000
129000
53000
117000
127000
73000
59000
45000
129000
85000
67000
123000
53000
337500
75000
337500
127000
712500
135000
107000
79000
93000
95000
15000
77000
81000
55000
135000
712500
67000
49000
900000
101000
53000
123000
79000
525000
27500
73000
47000
93000
111000
101000
45000
77000
135000
337500
900000
97000
127000
53000
55000
117000
900000
71000
53000
103000
129000
67000
67000
103000
101000
89000
73000
99000
93000
97000
51000
119000
900000
15000
525000
93000
49000
71000
105000
95000
15000
712500
135000
77000
71000
117000
117000
97000
99000
121000
59000
55000
15000
119000
900000
49000
67000
55000
87000
40000
85000
79000
101000
15000
79000
47000
55000
75000
89000
900000
49000
77000
95000
81000
91000
129000
150000
67000
93000
97000
81000
87000
150000
117000
129000
63000
115000
111000
89000
15000
107000
67000
79000
111000
63000
117000
91000
51000
107000
45000
125000
63000
127000
97000
107000
79000
47000
103000
712500
123000
67000
73000
95000
40000
900000
27500
125000
525000
55000
115000
95000
73000
97000
99000
150000
75000
115000
337500
67000
115000
47000
55000
105000
45000
79000
85000
97000
109000
113000
67000
59000
75000
117000
119000
45000
123000
53000
51000
27500
135000
40000
113000
73000
55000
103000
123000