51000
53000
55000
103000
117000
59000
27500
125000
71000
59000
150000
93000
65000
107000
67000
59000
15000
89000
103000
63000
125000
712500
337500
105000
65000
49000
95000
337500
47000
105000
77000
71000
55000
103000
59000
63000
109000
107000
119000
85000
85000
61000
107000
61000
525000
47000
91000
109000
65000
123000
45000
55000
121000
97000
123000
900000
47000
105000
129000
93000
113000
115000
115000
15000
59000
115000
81000
115000
109000
111000
117000
27500
125000
105000
77000
99000
127000
71000
77000
79000
87000
45000
99000
97000
93000
45000
121000
71000
712500
900000
135000
85000
85000
75000
525000
89000
337500
45000
81000
115000
119000
59000
93000
117000
65000
103000
40000
525000
127000
15000
45000
47000
89000
85000
103000
111000
135000
127000
712500
150000
55000
91000
40000
119000
123000
75000
15000
71000
63000
117000
712500
61000
99000
150000
95000
337500
127000
40000
95000
61000
900000
111000
91000
89000
115000
127000
73000
127000
525000
97000
123000
111000
75000
79000
113000
712500
45000
117000
97000
51000
107000
105000
49000
123000
95000
40000
129000
121000
129000
119000
97000
40000
117000
900000
337500
95000
15000
40000
525000
95000
81000
91000
27500
49000
121000
75000
59000
93000
97000
129000
81000
40000
103000
73000
101000
105000
55000
77000
109000
111000
93000
81000
45000
73000
27500
125000
117000
93000
103000
61000
51000
45000
109000
129000
49000
99000
93000
101000
103000
95000
113000
109000
89000
51000
117000
103000
15000
51000
45000
129000
97000
337500
99000
71000
103000
15000
47000
75000
89000
79000
59000
113000
83000
59000
81000
101000
111000
712500
117000
40000
63000
113000
91000
99000
65000
129000
65000
83000
27500
150000
51000
89000
89000
67000
97000
525000
45000
103000
525000
53000
55000
95000
89000
63000
525000
525000
85000
83000
99000
95000
77000
87000
900000
85000
59000
525000
337500
123000
59000
83000
337500
15000
47000
15000
55000
525000
81000
85000
75000
101000
111000
105000
115000
51000
45000
525000
51000
65000
117000
119000
77000
150000
150000
103000
67000
77000
55000
63000
53000
27500
119000
47000
101000
67000
119000
103000
121000
125000
51000
135000
93000
87000
113000
150000
135000
63000
111000
89000
49000
113000
59000
63000
105000
51000
51000
121000
127000
77000
135000
45000
121000
75000
121000
119000
111000
525000
81000
63000
85000
59000
111000
150000
71000
67000
91000
51000
49000
87000
53000
47000
525000
67000
45000
150000
105000
127000
40000
103000
337500
79000
93000
150000
900000
87000
81000
63000
127000
105000
117000
101000
121000
103000
85000
123000
83000
123000
49000
101000
65000
127000
47000
49000
75000
97000
95000
95000
27500
97000
121000
91000
95000
67000
150000
85000
712500
71000
81000
40000
97000
49000
77000
73000
83000
135000
81000
150000
337500
150000
525000
27500
15000
337500
45000
525000
89000
53000
117000
105000
91000
117000
53000
81000
121000
900000
81000
900000
49000
109000
47000
119000
65000
125000
55000
61000
81000
101000
55000
55000
525000
115000
93000
45000
93000
87000
91000
113000
337500
129000
111000
55000
71000
103000
81000
85000
77000
65000
525000
97000
93000
121000
83000
111000
111000
51000
123000
111000
83000
121000
75000
15000
97000
67000
107000
49000
129000
79000
123000
99000
111000
129000