150000
45000
99000
71000
127000
71000
55000
113000
53000
97000
525000
87000
85000
121000
85000
105000
107000
117000
109000
712500
27500
75000
99000
712500
51000
125000
77000
103000
55000
125000
150000
73000
59000
117000
115000
40000
107000
47000
81000
99000
91000
111000
135000
103000
45000
79000
93000
101000
53000
111000
79000
150000
40000
61000
81000
67000
119000
127000
77000
75000
75000
59000
712500
115000
91000
900000
27500
337500
117000
125000
91000
95000
95000
87000
71000
129000
129000
53000
97000
111000
150000
99000
525000
712500
125000
127000
51000
85000
93000
65000
900000
53000
121000
101000
95000
49000
525000
99000
49000
89000
900000
27500
125000
135000
125000
91000
75000
65000
123000
47000
337500
900000
87000
115000
49000
111000
525000
99000
65000
150000
75000
113000
73000
127000
47000
150000
51000
61000
45000
97000
71000
81000
87000
93000
73000
53000
67000
89000
79000
121000
109000
117000
75000
525000
115000
97000
712500
525000
123000
107000
77000
15000
59000
101000
121000
53000
73000
91000
53000
119000
95000
119000
125000
73000
105000
27500
71000
87000
99000
105000
77000
53000
73000
135000
99000
45000
83000
125000
99000
61000
103000
63000
107000
67000
77000
47000
85000
15000
47000
65000
55000
103000
127000
125000
65000
97000
97000
123000
63000
107000
53000
103000
40000
337500
63000
97000
109000
63000
115000
73000
525000
85000
77000
125000
97000
63000
77000
119000
900000
127000
150000
15000
113000
95000
115000
59000
150000
87000
99000
89000
83000
97000
91000
101000
712500
117000
103000
87000
150000
103000
135000
107000
63000
125000
712500
93000
119000
900000
49000
77000
117000
61000
87000
65000
107000
75000
125000
123000
55000
525000
61000
87000
65000
337500
107000
115000
40000
107000
45000
129000
81000
91000
101000
65000
87000
63000
119000
117000
129000
109000
65000
113000
59000
103000
27500
119000
47000
89000
73000
89000
55000
129000
40000
107000
63000
99000
109000
27500
85000
109000
99000
87000
113000
40000
337500
77000
93000
111000
135000
83000
40000
127000
59000
77000
109000
105000
85000
51000
150000
63000
115000
150000
111000
55000
67000
67000
91000
27500
127000
49000
712500
135000
53000
77000
93000
525000
51000
129000
73000
67000
45000
85000
123000
113000
111000
47000
123000
40000
47000
111000
53000
91000
81000
81000
47000
125000
127000
111000
87000
40000
83000
119000
105000
150000
123000
99000
83000
113000
15000
135000
89000
63000
97000
113000
73000
87000
712500
15000
109000
40000
79000
65000
40000
113000
53000
103000
91000
89000
135000
337500
55000
103000
101000
53000
87000
900000
89000
59000
127000
123000
27500
87000
125000
71000
93000
65000
65000
101000
61000
135000
900000
81000
129000
77000
337500
15000
59000
63000
27500
59000
53000
77000
89000
45000
115000
95000
129000
525000
61000
135000
65000
119000
121000
900000
91000
71000
119000
115000
59000
93000
125000
53000
45000
65000
113000
47000
525000
101000
123000
95000
81000
121000
127000
40000
115000
123000
27500
117000
81000
93000
119000
67000
15000
27500
83000
99000
73000
93000
117000
107000
81000
150000
77000
107000
87000
99000
67000
73000
71000
121000
65000
77000
15000
67000
91000
900000
95000
109000
121000
101000
73000
53000
125000
77000
67000
117000
111000
40000
65000
51000
59000
49000
65000
87000
51000
51000
40000
55000
81000
127000
27500
89000
97000
125000
109000
113000
105000
65000
111000
79000
115000
79000
65000
525000
51000
75000
67000
712500
99000
59000
81000
67000
101000
95000
47000
119000
83000
127000
15000
900000
129000
75000
101000
525000
81000
47000
900000
113000
103000
150000
65000
71000
40000
45000
113000
75000
61000
95000
75000
135000
93000
59000
150000
129000
55000
53000
55000
93000
121000
127000
87000
59000
65000
109000
65000
61000
55000
123000
65000
119000
119000
109000
83000
95000
71000
150000
337500
121000
85000
121000
27500
27500
85000
71000
125000
337500
115000
71000
73000
105000
67000
61000
81000
97000
129000
129000
101000
71000
135000
111000
95000
115000
55000
79000
79000
125000
129000
109000
105000
71000
67000
75000
85000
65000
51000
95000
55000
97000
129000
123000
113000
15000
111000
79000
129000
119000
89000
712500
71000
59000
337500
83000
150000
65000
53000
93000
150000
111000
51000
105000
125000
95000
49000
103000
75000
135000
40000
99000
75000
99000
712500
129000
89000
105000
109000
40000
127000
85000
107000
49000
89000
85000
89000
63000
99000
119000
101000
712500
101000
15000
105000
63000
89000
93000
95000
103000
77000
95000
27500
101000
65000
67000
89000
63000
61000
15000
103000
49000
79000
337500
