125000
40000
97000
101000
49000
119000
85000
63000
79000
55000
97000
59000
135000
51000
900000
135000
73000
121000
525000
123000
101000
53000
61000
77000
113000
63000
103000
77000
53000
55000
107000
101000
135000
900000
101000
525000
83000
59000
83000
109000
79000
49000
55000
79000
27500
85000
87000
81000
59000
135000
125000
83000
73000
61000
49000
125000
71000
55000
150000
81000
85000
95000
123000
712500
67000
111000
27500
53000
125000
85000
15000
127000
150000
900000
97000
85000
135000
49000
73000
63000
73000
135000
85000
49000
900000
107000
83000
27500
115000
125000
115000
89000
59000
121000
129000
113000
103000
129000
79000
712500
27500
117000
150000
81000
91000
121000
135000
71000
67000
71000
67000
87000
99000
113000
73000
95000
99000
87000
87000
81000
71000
95000
45000
63000
63000
117000
89000
63000
15000
85000
51000
85000
53000
45000
125000
71000
47000
81000
63000
97000
103000
97000
109000
81000
85000
79000
117000
103000
101000
49000
85000
101000
47000
67000
27500
79000
129000
75000
109000
103000
900000
79000
111000
123000
81000
103000
73000
79000
150000
150000
91000
337500
79000
40000
61000
27500
77000
113000
59000
525000
97000
125000
15000
119000
109000
91000
93000
115000
85000
125000
119000
65000
95000
113000
73000
51000
101000
103000
67000
525000
45000
63000
55000
111000
47000
125000
61000
150000
121000
85000
79000
81000
109000
83000
115000
712500
337500
15000
81000
900000
115000
113000
15000
47000
127000
125000
85000
87000
121000
77000
73000
51000
85000
61000
109000
109000
61000
71000
127000
61000
85000
337500
85000
111000
85000
83000
45000
91000
113000
75000
121000
127000
40000
51000
337500
59000
15000
105000
71000
53000
103000
115000
87000
15000
75000
49000
47000
107000
45000
83000
150000
127000
95000
45000
77000
15000
53000
27500
55000
45000
111000
150000
67000
99000
77000
123000
107000
337500
77000
89000
712500
105000
115000
105000
135000
53000
109000
119000
87000
107000
525000
77000
83000
117000
125000
59000
49000
119000
77000
113000
53000
127000
47000
129000
63000
27500
101000
40000
27500
91000
47000
83000
77000
127000
53000
63000
129000
97000
77000
83000
97000
67000
125000
15000
47000
125000
117000
85000
105000
27500
900000
525000
337500
712500
63000
45000
45000
85000
117000
73000
97000
135000
109000
77000
73000
27500
97000
107000
27500
85000
123000
337500
125000
40000
111000
99000
61000
15000
45000
123000
111000
67000
113000
712500
121000
55000
135000
61000
337500
125000
77000
103000
49000
135000
125000
91000
525000
77000
79000
93000
73000
79000
337500
125000
900000
109000
105000
83000
40000
47000
47000
900000
107000
99000
45000
111000
79000
89000
71000
45000
61000
97000
53000
77000
121000
73000
97000
15000
61000
150000
40000
95000
150000
27500
73000
103000
109000
123000
53000
75000
107000
101000
67000
47000
115000
103000
101000
113000
55000
83000
45000
113000
97000
101000
65000
125000
712500
85000
123000
123000
95000
101000
63000
109000
89000
113000
79000
77000
27500
119000
129000
87000
712500
97000
49000
115000
75000
337500
61000
79000
79000
101000
81000
77000
111000
115000
61000
900000
65000
87000
525000
111000
47000
107000
95000
121000
83000
87000
119000
103000
101000
85000
27500
89000
77000
121000
89000
55000
55000
47000
99000
150000
900000
900000
150000
117000
45000
119000
117000
113000
65000
93000
47000
97000
73000
107000
117000
89000
103000
125000
55000
525000
27500
91000
55000
117000
337500
85000
109000
111000
51000
81000
99000
337500
712500
91000
135000
40000
129000
129000
121000
71000
129000
525000
59000
121000
89000
95000
91000
123000
67000
77000
51000
101000
79000
103000
150000
61000
61000
55000
111000
79000
65000
27500
83000
97000
107000
83000
75000
71000
59000
150000
47000
61000
45000
67000
101000
525000
101000
111000
113000
103000
99000
111000
73000
61000
121000
97000
101000
107000
135000
27500
53000
525000
97000
712500
150000
337500
15000
115000
40000
103000
45000
51000
95000
125000
150000
47000
125000
712500
337500
105000
101000
59000
150000
109000
125000
61000
40000
111000
107000
53000
59000
125000
117000
117000
135000
712500
712500
712500
61000
525000
103000
111000
127000
40000
129000
525000
117000
83000
91000
53000
123000
91000
109000
85000
27500
525000
121000
65000
111000
63000
91000
67000
89000
71000
150000
95000
79000
67000
109000
97000
337500
67000
73000
337500
119000
109000
712500
89000
125000
129000
51000
47000
27500
63000
129000
63000
55000
85000
53000
87000
91000
55000
127000
85000
47000
75000
53000
87000
119000
79000
115000
109000
115000
129000
65000
65000
337500
73000
87000
119000
47000
119000
127000
91000
113000
53000
55000
55000
95000
123000
113000
113000
121000
107000
47000
59000
337500
113000
105000
115000
67000
77000
85000
71000
107000
93000
525000
79000
59000
900000
105000
99000
45000
97000
81000
53000
83000
99000
79000
67000
55000
337500
73000
135000
51000
135000
121000
55000
712500
61000
83000
127000
71000
123000
91000
63000
121000
117000
79000
115000
900000
75000
127000
900000
119000
75000
83000
150000
712500
113000
67000
79000
51000
97000
105000
77000
121000
81000
71000
115000
47000
525000
127000
113000
105000
101000
150000
59000
97000
127000
125000
77000
87000
119000
119000
103000
117000
525000
61000
91000
85000
103000
125000
47000
135000
115000
47000
105000
337500
93000
105000
109000
55000
51000
712500
75000
83000
150000
75000
93000
73000
51000
123000
99000
125000
65000
127000
67000
129000
150000
107000
712500
45000
337500
123000
712500
87000
135000
63000
129000
77000
101000
111000
103000
900000
111000
49000
55000
91000
73000
150000
79000
75000
123000
121000
111000
55000
113000
109000
117000
99000
93000
525000
119000
73000
27500
135000
83000
67000
51000
129000
27500
53000
97000
91000
79000
900000
47000
97000
87000
135000
107000
91000
83000
53000
83000
127000
115000
47000
107000
81000
93000
712500
40000
135000
97000
107000
525000