113000
53000
97000
45000
129000
117000
73000
135000
900000
47000
85000
127000
93000
103000
123000
107000
103000
91000
127000
87000
712500
525000
150000
123000
107000
119000
59000
127000
97000
15000
101000
59000
95000
101000
129000
79000
73000
135000
117000
113000
67000
121000
67000
900000
85000
123000
117000
47000
67000
59000
127000
63000
337500
125000
65000
129000
525000
712500
111000
117000
117000
15000
101000
40000
111000
61000
121000
113000
40000
79000
59000
113000
45000
53000
900000
53000
75000
119000
63000
49000
97000
99000
27500
59000
47000
87000
525000
525000
97000
15000
87000
117000
113000
71000
99000
127000
135000
129000
49000
89000
61000
900000
109000
71000
51000
55000
89000
121000
150000
109000
107000
337500
61000
63000
712500
109000
150000
103000
89000
121000
95000
87000
712500
97000
89000
59000
40000
81000
67000
97000
65000
121000
337500
47000
79000
71000
81000
77000
93000
15000
103000
87000
77000
95000
73000
89000
40000
129000
117000
712500