93000
525000
47000
113000
89000
87000
40000
117000
135000
81000
85000
49000
127000
89000
55000
85000
91000
73000
127000
45000
55000
45000
55000
77000
89000
123000
125000
337500
49000
87000
117000
123000
91000
71000
127000
81000
87000
83000
63000
150000
337500
525000
127000
53000
150000
49000
47000
65000
85000
109000
95000
900000
27500
63000
73000
121000
123000
75000
525000
127000
63000
49000
150000
40000
109000
712500
63000
712500
47000
127000
121000
121000
79000
525000
117000
51000
87000
71000
53000
53000
95000
125000
123000
712500
40000
15000
99000
85000
40000
103000
111000
49000
79000
91000
99000
55000
51000
87000
55000
101000
95000
83000
27500
83000
61000
67000
65000
91000
87000
63000
525000
135000
107000
79000
109000
99000
87000
91000
83000
59000
49000
71000
55000
67000
117000
107000
53000
117000
109000
49000
525000
150000
91000
93000
91000
75000
83000
121000
85000
91000
129000
97000
525000
109000
105000
91000
67000
119000
49000
113000
101000
75000
61000
61000
119000
65000
87000
45000
75000
77000
53000
91000
81000
111000
97000
150000
81000
73000
525000
81000
111000
150000
129000
150000
113000
65000
59000
135000
49000
59000
55000
89000
87000
127000
99000
135000
65000
49000
15000
47000
61000
99000
89000
83000
127000
107000
337500
81000
121000
125000
109000
99000
115000
75000
99000
75000
89000
73000
63000
81000
15000
127000
85000
99000
127000
99000
99000
47000
103000
117000
119000
51000
91000
73000
111000
115000
99000
900000
87000
71000
117000
73000
337500
73000
85000
712500
525000
61000
63000
27500
47000
115000
51000
81000
85000
63000
97000
77000
117000
150000
73000
81000
113000
95000
77000
119000
51000
109000
53000
101000
83000
93000
101000
47000
97000
77000
47000
900000
121000
55000
95000
115000
79000
900000
65000
55000
111000
129000
55000
59000
75000
40000
107000
40000
75000
40000
53000
150000
55000
525000
47000
900000
77000
85000
101000
119000
119000
712500
125000
75000
83000
113000
125000
111000
45000
111000
119000
59000
712500
85000
150000
59000
109000
27500
525000
61000
135000
135000
67000
99000
109000
77000
49000
97000
77000
123000
63000
79000
121000
109000
127000
51000
119000
79000
15000
119000
67000
85000
83000
40000
87000
97000
87000
117000
712500
65000
103000
135000
117000
125000
89000
73000
337500
71000
111000
99000
73000
55000
81000
40000
115000
15000
117000
53000
55000
87000
93000
125000
51000
127000
113000
99000
73000
81000
123000
99000
77000
117000
63000
525000
109000
97000
79000
85000
107000
73000
900000
127000
127000
115000
119000
61000
27500
75000
123000
77000
79000
89000
45000
47000
49000
337500
91000
113000
53000
40000
97000
47000
65000
27500
113000
121000
61000
150000
117000
135000
73000
51000
61000
107000
123000
40000
77000
95000
900000
83000
121000
135000
71000
712500
97000
95000
89000
99000
40000
103000
79000
101000
65000
51000
79000
135000
65000
89000
53000
83000
101000
83000
127000
127000
123000
119000
115000
55000
337500
129000
107000
119000
89000
103000
79000
119000
65000
91000
105000
73000
89000
45000
103000
55000
55000
117000
51000
125000
65000
40000
111000
337500
99000
900000
73000
113000
55000
97000
81000
135000
150000
79000
91000
47000
55000
40000
101000
99000
125000
40000
61000
129000
79000
105000
105000
107000
75000
85000
53000
77000
93000
135000
15000
91000
65000
79000
121000
337500
97000
87000
85000
525000
127000
73000
101000
111000
121000
27500
105000
119000
115000
113000
81000
45000
337500
119000
101000
81000
63000
129000
83000
77000
59000
135000
51000
150000
95000
27500
53000
75000
79000
53000
127000
111000
91000
900000
127000
87000
712500
135000
101000
73000
55000
115000
71000
15000
81000
85000
105000
127000
40000
75000
121000
59000
77000
67000
135000
107000
97000
337500
49000
101000
93000
65000
135000
71000
73000
63000
87000
73000
109000
113000
15000
67000
73000
81000
15000
107000
45000
63000
55000
117000
15000
77000
59000
79000
97000
101000
63000
107000
115000
93000
61000
125000
91000
47000
113000
81000
75000
55000
135000
59000
117000
150000
113000
103000
93000
150000
111000
89000
107000
59000
129000
49000
111000
135000
47000
97000
121000
83000
85000
65000
107000
51000
77000
150000
117000
81000
103000
49000
113000
71000
97000
117000
81000
61000
47000
109000
107000
103000
47000
51000
51000
61000
105000
73000
150000
27500
95000
105000
525000
53000
91000
40000
111000
55000
712500
111000
95000
45000
77000
40000
103000
63000
117000
150000
109000
87000
85000
113000
91000
121000
85000
119000
75000
123000
900000
71000
900000
111000
89000
27500
65000
337500
85000
129000
99000
109000
101000
65000
109000
51000
109000
109000
337500
119000
61000
59000
81000
127000
712500
150000
47000
117000
55000
97000
129000
99000
123000
55000
123000
40000
73000
77000
105000
65000
113000
79000
81000
95000
109000
49000
900000
47000
95000
101000
113000
83000
55000
67000
115000
81000
99000
337500
525000
93000
73000
115000
65000
95000
53000
95000
123000
61000
125000
123000
119000
89000
77000
85000
101000
123000
55000
525000
85000
59000
93000
900000
59000
105000
93000
99000
63000
127000
83000
99000
91000
93000
99000
55000
79000
75000
87000
55000
129000
525000
61000
51000
15000
63000
91000
107000
105000
900000
712500
75000
91000
51000
87000
135000
85000
75000
119000
119000
83000
99000
125000
85000
53000
49000
77000
900000
121000
525000
61000
63000
73000
109000
77000
63000
127000
89000
105000
115000
85000
525000
111000
63000
91000
75000
27500
97000
97000
27500
113000
712500
135000
93000
49000
91000
125000
79000
113000
109000