123000
83000
123000
53000
123000
123000
337500
27500
101000
77000
125000
89000
117000
900000
73000
61000
121000
95000
99000
67000
65000
73000
91000
125000
27500
111000
123000
115000
115000
59000
525000
27500
59000
101000
105000
40000
83000
107000
99000
81000
113000
61000
109000
712500
73000
111000
45000
87000
53000
115000
113000
81000
49000
900000
45000
900000
65000
103000
107000
127000
65000
129000
150000
712500
55000
93000
85000
45000
15000
61000
111000
95000
109000
55000
107000
77000
119000
65000
125000
77000
81000
59000
55000
113000
55000
91000
85000
61000
73000
101000
85000
121000
45000
900000
55000
40000
77000
93000
113000
85000
27500
150000
49000
91000
105000
525000
79000
59000
129000
79000
95000
127000
97000
71000
95000
123000
45000
97000
79000
83000
712500
900000
67000
135000
97000
47000
135000
121000
127000
103000
85000
93000
127000
103000
40000
85000
113000
75000
71000
49000
81000
337500
75000
119000
525000
71000
337500
77000
109000
53000
73000
109000
111000
107000
97000
97000
59000
91000
65000
125000
337500
123000
51000
67000
81000
65000
85000
65000
97000
81000
107000
107000
150000
150000
117000
111000
67000
63000
91000
111000
125000
115000
113000
150000
61000
49000
63000
135000
103000
107000
85000
47000
55000
135000
55000
337500
113000
61000
337500
45000
81000
15000
55000
85000
135000
111000
53000
115000
47000
77000
127000
101000
123000
55000
127000
63000
113000
125000
101000
101000
15000
900000
87000
91000
40000
15000
83000
99000
712500
119000
40000
117000
111000
79000
89000
95000
75000
75000
99000
119000
123000
115000
40000
15000
111000
55000
900000
93000
63000
91000
337500
81000
61000
55000
135000
127000
85000
107000
99000
111000
75000
55000
95000
81000
123000
47000
111000
129000
83000
63000
125000
63000
97000
525000
45000
79000
150000
63000
129000
150000
77000
15000
65000
121000
135000
81000
45000
113000
63000
79000
93000
103000
59000
97000
123000
53000
65000
101000
15000
51000
77000
73000
85000
71000
83000
337500
47000
67000
49000
107000
99000
712500
65000
47000
45000
45000
27500
49000
15000
51000
67000
101000
95000
63000
127000
51000
525000
135000
97000
79000
47000
109000
51000
49000
91000
65000
111000
51000
95000
63000
73000
105000
83000
111000
91000
105000
75000
81000
135000
89000
83000
15000
101000
135000
123000
103000
47000
123000
115000
117000
59000
40000
712500
127000
119000
129000
55000
113000
49000
85000
101000
89000
91000
77000
712500
127000
99000
103000
113000
89000
55000
105000
109000
27500
53000
95000
107000
95000
125000
67000
89000
900000
93000
115000
115000
93000
525000
95000
125000
127000
61000
121000
125000
45000
53000
150000
47000
40000
89000
91000
63000
61000
47000
63000
65000
109000
71000
337500
107000
71000
93000
91000
83000
111000
87000
99000
97000
900000
79000
15000
113000
99000
47000
45000
129000
525000
61000
59000
87000
47000
45000
73000
121000
49000
83000
81000
67000
87000
117000
73000
