81000
117000
55000
103000
117000
71000
65000
101000
15000
125000
135000
103000
900000
103000
71000
900000
40000
81000
900000
119000
127000
85000
900000
99000
99000
109000
67000
117000
900000
117000
15000
77000
85000
135000
81000
63000
127000
77000
95000
113000
65000
47000
125000
111000
119000
71000
93000
47000
65000
45000
65000
135000
117000
71000
51000
129000
113000
53000
107000
49000
51000
99000
77000
75000
150000
59000
73000
103000
55000
105000
127000
63000
45000
47000
99000
99000
111000
337500
105000
53000
71000
103000
93000
525000
53000
101000
95000
67000
129000
75000
15000
101000
125000
67000
103000
525000
63000
59000
45000
40000
85000
87000
127000
129000
117000
27500
85000
49000
111000
119000
45000
105000
51000
900000
125000
79000
107000
85000
150000
63000
15000
125000
87000
101000
712500
107000
105000
900000
65000
75000
95000
51000
117000
117000
73000
55000
53000
105000
97000
115000
71000
900000
900000
121000
75000
107000
55000
53000
15000
99000
77000
49000
135000
81000
77000
93000
95000
117000
51000
65000
83000
125000
119000
61000
107000
55000
87000
47000
45000
127000
83000
91000
109000
95000
71000
89000
125000
91000
107000
87000
89000
97000
97000
109000
15000
71000
150000
712500
525000
117000
525000
53000
119000
113000
525000
115000
71000
40000
900000
55000
71000
712500
123000
95000
107000
65000
105000
77000
63000
123000
525000
525000
91000
337500
77000
59000
77000
51000
135000
95000
117000
85000
53000
115000
59000
125000
121000
117000
89000
73000
105000
47000
59000
71000
135000
49000
87000
71000
45000
67000
900000
115000
65000
99000
71000
113000
27500
85000
119000
47000
337500
117000
79000
95000
101000
105000
91000
27500
40000
71000
67000
63000
115000
127000
27500
85000
105000
61000
45000
55000
129000
135000
49000
91000
95000
95000
712500
113000
115000
91000
79000
107000
113000
79000
93000
113000
105000
101000
109000
91000
49000
49000
75000
93000
89000
73000
75000
95000
71000
93000
150000
105000
101000
337500
97000
63000
97000
97000
59000
47000
101000
75000
113000
99000
40000
900000
103000
47000
135000
97000
89000
135000
15000
15000
47000
91000
67000
121000
109000
111000
93000
47000
93000
119000
40000
712500
85000
111000
99000
49000
337500
97000
109000
337500
83000
85000
67000
15000
115000
87000
27500
75000
129000
150000
45000
121000
99000
59000
89000
135000
115000
103000
81000
111000
61000
95000
129000
900000
109000
99000
61000
87000
119000
47000
40000
51000
27500
81000
101000
77000
105000
67000
113000
65000
85000
129000
99000
73000
51000
109000
113000
67000
101000
111000
77000
77000
79000
67000
712500
111000
71000
129000
113000
113000
73000
79000
83000
59000
127000
107000
115000
135000
27500
87000
337500
99000
55000
127000
83000
109000
99000
93000
97000
75000
150000
85000
67000
45000
83000
55000
15000
81000
900000
63000
99000
65000
49000
125000
150000
53000
111000
109000
109000
40000
91000
127000
525000
83000
900000
99000
51000
51000
75000
115000
119000
15000
47000
27500
83000
15000
91000
87000
65000
55000
123000
117000
15000
73000
150000
59000
91000
40000
81000
87000
99000
119000
61000
51000
121000
47000
47000
135000
61000
89000
115000
99000
61000
75000
59000
101000
67000
95000
337500
87000
121000
91000
65000
101000
107000
67000
103000
105000
75000
900000
105000
125000
337500
55000
53000
117000
135000
525000
111000
99000
107000
101000
125000
15000
85000
83000
93000
63000
99000
123000
111000
95000
71000
75000
127000
59000
45000
119000
135000
53000
59000
55000
63000
99000
125000
63000
129000
71000
900000
129000
107000
91000
27500
65000
525000
107000