47000
40000
525000
59000
105000
123000
67000
55000
105000
15000
712500
125000
129000
83000
65000
59000
119000
125000
712500
127000
115000
53000
105000
113000
117000
63000
59000
107000
900000
105000
91000
65000
97000
73000
712500
105000
89000
123000
111000
47000
103000
525000
900000
73000
45000
77000
107000
40000
65000
111000
49000
127000
53000
337500
67000
113000
79000
99000
55000
135000
91000
115000
109000
49000
900000
107000
67000
67000
125000
900000
87000
525000
67000
77000
83000
87000
79000
101000
73000
63000
81000
61000
27500
49000
51000
45000
105000
63000
150000
107000
113000
77000
79000
103000
105000
93000
51000
525000
47000
71000
103000
75000
525000
121000
47000
73000
119000
107000
55000
51000
63000
55000
123000
81000
67000
91000
73000
75000
67000
61000
121000
77000
51000
117000
15000
115000
63000
123000
40000
47000
53000
40000
337500
117000
89000
135000
900000
101000
99000
15000
45000
53000
109000
115000
27500
135000
123000
135000
77000
95000
49000
129000
75000
71000
47000
111000
123000
109000
525000
93000
59000
87000
337500
77000
83000
89000
95000
75000
49000
27500
115000
87000
129000
97000
67000
107000
45000
87000
55000
111000
53000
63000
65000
525000
900000
97000
71000
101000
59000
83000
91000
40000
65000
101000
61000
113000
119000
49000
45000
121000