77000
115000
103000
91000
113000
85000
900000
47000
123000
129000
109000
125000
83000
900000
525000
49000
77000
45000
49000
93000
123000
117000
49000
27500
105000
87000
79000
121000
59000
99000
105000
125000
123000
47000
77000
97000
107000
91000
900000
107000
129000
103000
99000
85000
40000
123000
103000
15000
61000
135000
121000
117000
125000
45000
59000
51000
85000
65000
65000
45000
121000
117000
49000
97000
15000
47000
121000
125000
119000
15000
15000
105000
75000
63000
71000
61000
150000
150000
712500
99000
45000
115000
45000
81000
47000
119000
15000
73000
40000
83000
109000
27500
115000
47000
135000
105000
101000
103000
150000
27500
85000
89000
61000
89000
47000
40000
99000
121000
93000
119000
65000
55000
51000
95000
135000
51000
45000
51000
103000
125000
51000
135000
99000
87000
85000
59000
49000
67000
107000
525000
51000
45000
65000
45000
77000
61000
121000
95000
45000
73000
107000
73000
81000
85000
51000
97000
51000
525000
150000
81000
115000
73000
51000
49000
900000
109000
129000
900000
109000
61000
15000
75000
121000
65000
103000
89000
97000
67000
117000
71000
73000
93000
125000
61000
117000
121000
77000
40000
67000
91000
97000
87000
119000
121000
135000
97000
27500
135000
127000
15000
65000
85000
85000
135000
89000
61000
73000
123000
81000
59000
121000
47000
337500
45000
103000
53000
51000
40000
79000
15000
712500
127000
135000
525000
121000
135000
95000
77000
95000
93000
27500
89000
87000
525000
15000
337500
85000
93000
111000
113000
129000
900000
93000
105000
61000
45000
15000
27500
97000
123000
117000
113000
75000
150000
105000
61000
89000
51000
125000
81000