969
876
1049
1053
33313
2170
1150
7209
2438
2384
7085
976
44508
8005
1964
1005
43002
1084
186
32347
94
247
8844
2182
1909
8884
210
9502
126
2387
826
34027
1151
1200
238
2105
10
2354
38304
7264
35934
967
936
9945
1004
2190
2
1022
8925
31474
7444
7832
848
1193
916
2037
43
1989
7394
9639
2354
214
1092
1185
1138
2033
9337
817
833
2050
38813
1877
801
870
49
1820
86
2420
31283
9712
975
826
2042
2145
996
27
214
2388
1029
1150
36547
66
969
53
2419
1157
999
1912
174
35272
141
218
806
2358
2391
94
9219
183
9795
2059
1129
833
895
1089
7092
2289
2429
43136
1112
171
169
2369
1816
7565
46
7006
902
33909
33630
9890
2094
8237
7713
1070
31344
2246
1021
9364
1863
9325
209
94
2067
42535
7351
8424
1087
9578
8701
228
7
2192
2493
1897
40816
60
2066
1866
2046
2186
962
110
1097
1187
987
8900
2403
1032
1831
26
1142
94
916
8458
58
191
7679
1052
1056
220
2221
826
95
7069
952
8637
1923
7049
8853
7559
180
9486
7081
1106
9927
885
1067
2105
59
967
964
8307
2240
1802
2219
896
79
7584
1153
824
2091
1192
8830
1007
884
43802
211
896
148
8798
74
43584
230
1832
1112
7471
9059
221
2031
30537
918
7062
7113
2333
2451
42623
9816
138
994
14
827
194
1048
26
1169
35993
197
8875
38946
1048
1171
1091
12
2307
2314
35
1085
201
41255
1131
149
7818
9606
7402
9618
95
30951
231
161
914
7926
31376
248
1002
1833
2147
975
1036
1073
1142
1101
9139
1051
833
213
41846
40947
9459
2325
2258
242
6
1036
849
230
2134
992
227
8641
9353
1994
885
74
7108
937
131
33926
8628
31
44475
36288
42640
9390
9151
2074
830
135
1095
154
39735
842
2384
2146
1038
8785
9777
1084
1159
2042
809
161
981
7
74
7719
234
826
1974
2262
226
8534
38012
44746
7057
130
7080
8324
1159
1041
865
801
2187
114
1100
2373
2295
102
41677
8955
165
941
227
2236
32371
997
2150
1162
35339
2252
9415
164
1015
1099
7730
7353
9262
2030
951
905
808
33392
4
2410
833
41494
976
34623
947
2335
3
39296
919
58
194
244
204
1002
151
1026
227
2477
9556
9952
8432
1015
9011
839
8440
7140
181
968
8148
9625
70
9137
1017
935
7466
832
7066
245
20
1131
1016
2341
2028
249
808
33
9121
2236
9504
2404
1994
9027
8009
2045
932
207
32639
2378
869
1021
967
2427
7155
45
1000
8218
227
37917
38584
40429
978
815
8061
32075
44152
237
1968
244
839
250
1015
1199
1107
8926
38090
1052
158
926
2384
2467
9492
944
1834
1088
828
2309
2336
7595
2276
1069
2255
2144
2463
143
1123
8355
2404
8108
845
906
2358
1183
811
1984
7977
7124
2152
