8217
42760
31568
8932
2245
40522
951
40634
1888
1874
40812
167
7296
2384
1159
2397
8639
842
9450
947
9191
1833
7556
1805
35846
206
852
7742
2447
155
114
943
38834
8694
152
2343
2479
2148
34848
7208
2245
1903
1974
32091
7704
7365
1048
2384
9610
39177
9004
9244
36821
2476
2223
2020
9523
135
1007
225
172
2336
1984
107
884
2415
223
9330
1005
7816
2321
833
1198
2020
1840
9378
33714
2278
9744
1150
120
177
7159
8883
1069
9878
815
7842
38460
204
1004
1112
976
1021
38001
2259
1049
9173
7403
9888
855
1192
2181
138
30842
1111
1043
2042
43261
9616
43262
2151
2389
895
2041
1093
931
1036
8255
2113
8307
2252
9656
1041
2102
1986
918
1061
967
1963
1921
8955
2156
9354
8800
2420
1048
1028
177
2454
975
967
1002
1073
2210
9741
1084
1938
107
926
2406
2273
1000
827
7253
2226
959
2207
7446
241
1845
7283
2314
1098
179
1021
2034
9564
7584
1839
985
2100
1145
175
962
2001
8357
8877
1138
30219
2046
7830
131
2030
8832
1828
1090
7559
2190
1083
808
40916
8082
2090
7135
997
141
870
2294
41202
2413
8397
1142
1029
1824
1157
2390
2340
1995
815
248
7675
7265
1107
944
2213
1861
1062
8119
910
1152
865
2144
1918
888
8794
975
9102
1136
39880
2409
964
9719
1931
31070
984
880
1995
178
938
1195
7355
1846
1030
9805
1909
8458
862
935
9930
1010
225
9012
8706
44735
2369
8980
32443
1811
41422
240
941
42402
919
935
2240
9307
7043
9407
35748
1921
7568
41842
1200
1035
1150
40569
9901
1941
952
1036
996
916
1821
30910
905
194
1100
1943
125
223
7410
2203
848
31407
174
2221
7355
1162
2121
1998
1948
1017
906
2111
849
912
2131
1129
2438
992
8022
195
171
1966
1016
7641
30328
2034
1990
2194
1070
801
31941
9047
1084
233
2040
9583
9372
1131
138
2106
916
1953
9986
7354
838
2104
8723
40632
1022
8938
2276
826
2480
1878
1131
9788
2088
2158
2125
44019
969
39965
7334
186
9862
2115
834
218
1092
1193
132
999
2314
839
150
2028
806
1046
2045
869
142
2282
30780
944
30749
9093
30872
7218
2065
2313
1829
1027
9447
1063
184
1041
2344
1185
1962
2018
994
845
2147
8257
202
125
1131
843
8812
2052
2111
1052
113
828
1934
2334
189
1818
104
2098
122
8081
894
1988
40545
9651
1101
8391
39567
2263
38856
118
42096
1159
1824
811
191
1055
902
1099
914
2240
1171
1863
1831
9938
143
2341
8155
249
8689
7663
8541
44817
1067
1048
936
7182
7394
1036
9261
31765
1994
2178
1165
824
9851
8166
2007
1886
2053
867
1026
884
42606
1989
896
2298
2469
2017
8692
1924
2419
2342
38049
968
9486
2020
999
8150
2419
1112
2344
9171
931
1079
1198
38133
2217
188
801
1015
40242
43518
7170
41381
1904
1038
32887
1871
1932
2291
1052
2396
7796
1802
987
164
216
119
30548
2427
1192
9883
1087
34038
1141
1187
213
1123
2101
808
101
1015
119
2462
1882
989
9576
2145
1000
1029
39737
37100
40977
833
2344
2057
9007
872
2456
826
148
969
2334
1807
44309
7768
36842
148
832
2353
9468
1051
2312
1981
7910
2335
39890
1085
2291
2354
1890
2396
32481
7842
8353
809
839
7282
9253
885
1183
110
1924
2010
111
1080
824
1002
41515
1996
9147
2463
9679
7302
8879
2174
2371
919
833
891
2094
249
151
32850
1164
1067
8602
9041
2437
36691
9592
827
9320
2343
7115
2137
1089
8898
994
885
2040
9649
7573
1905
1191
2203
1831
9248
199
187
37543
2044
981
9251
1053
1104
2146
896
8735
2158
9500
932
8278
2391
1126
1857
1091
1909
1015
2466
952
218
1950
2487
2338
2326
864
1133
876
7096
2261
101
826
158
1106
967
1877
113
2213
888
1016
2170
1142
40394
1100
8657
2112
2309
40339
2358
1857
2049
830
9578
2376
826
2241
1853
179
2465
8079
9575
217
9890
2309
43791
976
1061
2443
9382
42001
1186
1095
9127
8584
833
1169
1843
1016
2266
147
1949
1032
2294
826
1981
33818
8174
978
34534
8548
1077
2478
2431
867
934
128
2238
30577
2158
2271
2042
8586
7471
8792
2477
817
2236
34925
1882
1199
42976
868
209
1112
2004
2310
2035
7967
8851
187
9471
1097
9576
1151
937
2361
1908
8147
37419
1916
7866
9404
839
7999
44867
42743
2017
7499
1973
2439
7263
1839
1986
9161
2490
2420
998
235
8751
2049
171
1019
8445
154
2164
912
203
1056
1854
1852
2467
189
42444
9825
2177
2236
44416
36550
1015
1153
213
9407
826
1088
