203
2174
1053
1948
1138
8739
2106
2478
172
30668
1827
7663
928
1150
39225
2341
952
154
178
41331
2456
1019
982
1036
1193
1061
2353
9707
239
1007
2158
8487
8154
1157
1002
32625
951
9482
2339
1998
120
2196
7609
122
208
1193
138
1857
1182
2153
31237
9221
2368
7426
967
2334
997
976
8368
7775
8293
1015
2462
2313
7771
41688
8735
1036
1084
7716
809
108
8213
2419
1098
7268
8031
2020
1083
1174
2343
1816
1191
1831
1013
43245
2415
9391
1839
884
1062
1036
1062
30374
36696
9837
1857
9889
209
1169
7531
870
1100
7482
7221
893
1996
1905
856
2240
34689
7142
2413
8742
30330
1826
1953
1142
8151
1941
8616
2118
9226
1041
7788
34042
853
2391
33067
164
33141
1181
2268
969
7871
1035
1886
1100
1807
249
33769
2140
2406
1101
1822
852
8014
970
2053
1142
2307
43720
964
8725
1066
9056
2369
1802
1129
9277
1016
2144
1153
8864
7870
832
8691
7806
2391
42935
2006
815
101
8592
889
147
8657
2344
9093
2031
119
2314
39511
2289
38340
2174
120
8221
218
9440
989
848
1833
1962
978
807
7127
217
8638
1950
806
826
1027
39325
2462
833
1032
8883
1036
42397
2112
195
2371
9656
9676
44713
8425
2419
7676
2004
919
8166
1052
1067
2142
998
2020
2003
7939
7190
9373
36340
2118
41737
1823
1181
34551
2100
1029
8211
9446
2226
1839
2323
839
2298
815
9851
1010
1824
1874
944
833
1015
1857
967
34114
7624
994
826
2213
2241
8407
7062
8845
1131
2098
1159
1996
894
110
7098
1085
7036
2232
2494
9444
1990
1092
1063
118
880
8238
941
189
1186
2482
1004
2158
178
2094
7431
7243
937
7477
32712
9226
2494
40918
1048
34261
9775
30795
1005
7398
2385
2310
2278
202
1811
1099
7999
32425
2115
2463
811
968
8908
2466
914
1046
38849
2443
107
2055
1021
1133
9970
839
860
248
1041
936
885
1089
233
1994
7704
8260
1973
1022
40621
9339
39593
35588
37551
9372
869
1032
2111
912
8938
2049
36235
1026
8904
148
830
1104
2384
2316
2263
2171
1903
2178
31989
1871
9759
8226
31994
876
9628
141
1080
7542
2442
2154
111
9474
2146
975
1949
1145
919
1165
9083
2065
1863
38425
2447
823
175
888
1938
1152
225
7401
9505
1852
1095
9499
2004
1142
1112
1052
1106
9827
803
1048
8270
2217
33511
34630
41302
7986
2342
38980
978
39914
2393
1101
131
44620
827
975
37379
2086
9681
9371
959
8993
174
2125
1198
2305
249
7159
2225
931
9012
2409
39774
7528
8375
39412
7810
976
2312
9560
39988
38257
9467
2138
1175
142
9904
38227
187
1053
808
1963
1981
1017
2487
943
9131
225
1070
2420
8712
1084
36089
1164
230
826
1824
944
199
2462
2321
2476
204
1131
1177
7442
1916
2294
9684
171
2189
828
1883
43271
43950
7915
9500
1101
1157
2364
8995
1126
1904
1157
7144
935
2057
831
866
2294
2131
984
932
807
817
1015
1107
8217
896
218
1854
7459
138
7274
2164
40671
31999
2291
7322
2405
8706
2357
213
8478
2028
916
2008
138
2431
2427
32420
926
8142
8402
30411
131
7816
8578
1136
2177
206
150
37944
962
9932
2438
113
226
125
838
2309
213
9571
891
1126
1002
999
1069
7799
1984
1048
1187
41637
1921
996
1025
1018
2245
2073
8092
223
35668
2340
801
2082
34504
2020
905
9199
1862
9585
2321
8602
817
132
1055
1873
2389
2391
2488
2396
1943
1112
2479
1049
34929
987
1049
967
152
2007
1964
189
38647
1904
101
2486
44417
1937
229
943
8269
2238
919
7612
241
947
2276
801
824
1146
2166
158
2102
1986
1073
2223
41182
1030
9898
2229
2088
1097
1028
9989
128
7056
885
967
8185
1192
895
2101
969
34139
34323
1200
1090
2044
2378
981
2098
1869
938
837
8665
223
982
890
107
8258
7036
1840
2338
9034
38116
1916
7608
30929
2462
1151
9390
143
2010
862
992
8224
2134
834
8155
8613
1874
38384
970
7399
33504
951
2057
9831
1136
1087
7919
35095
119
842
8409
155
928
1052
978
8012
2436
9015
882
1183
1995
1095
2213
1938
916
1979
2377
2035
2266
43557
8826
119
7928
191
1989
1845
104
1924
845
2484
184
2018
42882
125
2043
2266
42462
2361
824
867
9679
2376
2291
33239
8844
2207
1199
2190
7273
9522
8685
906
9747
8757
1015
1056
2487
904
240
865
2049
8915
9080
2240
9376
1945
1051
8899
2214
1038
2454
36392
2397
2010
8320
30256
216
2308
1079
42082
42522
935
1087
884
8024
113
114
39709
1121
2154
868
9767
1008
1995
7187
9929
174
2409
1104
1150
8830
1936
808
7939
1123
2191
1985
1963
1108
7884
135
152
7953
839
2090
37683
826
826
2396
34786
32901
1192
1169
918
1043
1853
1171
974
833
44400
952
8956
167
8808
2408
1986
7765
1131
186
1099
8800
7174
1830
33623
1077
9545
7584
2034
9578
1977
2236
1112
9050
184
1981
1015
2039
2307
1932
9384
902
2030
148
1088
235
2425
2241
2018
8002
8219
38467
7792
1064
1041
864
849
1162
202
174
177
2113
2243
7883
1145
1934
896
933
2306
175
2097
2289
42374
1021
43231
2497
1067
8130
2313
853
2390
41039
138
975
1091
1185
2207
1836
177
171
2121
194
35291
1000
1878
833
9281
2147
2314
38119
2488
987
2344
8850
1890
1931
2498
870
9995
1159
9195
843
2456
9978
179
2469
862
814
9438
2335
1016
179
9838
1861
2326
187
2235
1824
42942
2477
1846
2104
1090
188
2091
9819
1084
2387
39741
1149
975
841
128
1141
30288
1846
7606
184
2427
8879
1829
7390
1958
9651
2246
2256
1891
1802
2344
36904
931
2147
2273
40647
2271
151
8801
2465
2149
36052
2040
1828
867
1912
994
2203
2117
