7377
33
2111
26
37021
2475
7430
43461
37026
227
37320
935
2312
1093
2431
2109
888
244
2036
31
2079
7493
43
7
8219
8079
2310
7170
9492
2142
1934
2449
2141
151
1194
910
33931
1140
826
2014
8427
114
249
985
7424
838
801
2442
2135
135
94
999
14
974
32863
30384
9066
7274
7425
1093
8653
209
1024
1103
1974
9122
7698
2103
2355
165
39033
9797
912
8545
27
221
872
3
214
9626
8244
1198
227
2368
39647
973
1181
7861
2273
2190
2479
934
1856
34830
817
1040
1110
875
1089
228
9176
1145
2066
910
2056
210
36811
855
9398
1964
181
922
40855
922
956
8572
8258
244
34915
231
6
1032
20
1016
7802
1029
834
138
1175
1820
2151
1111
36296
39679
38102
902
1195
909
2183
835
2032
9634
2045
94
885
8517
1000
164
892
218
213
38595
207
942
826
37967
827
40769
7361
997
1195
171
7604
8422
9190
1067
9280
7512
9164
247
919
7869
1107
242
2062
806
2387
169
1095
35051
1963
9435
9875
1896
2108
2263
2473
7204
86
183
7005
862
9984
2130
2433
1061
929
827
131
845
